2,2017-06-30 23:06:44,2017-06-30 23:14:35,N,1,129,7,1,2.01,8.5,0.5,0.5,0,0,,0.3,9.8,2,1
2,2017-06-30 23:41:10,2017-06-30 23:45:23,N,1,7,146,1,1.07,6,0.5,0.5,1.46,0,,0.3,8.76,1,1
2,2017-06-30 23:16:39,2017-06-30 23:22:34,N,1,106,25,1,1.13,6,0.5,0.5,1.31,0,,0.3,10.56,1,1
2,2017-06-30 23:19:30,2017-06-30 23:47:14,N,1,145,36,1,4.32,19.5,0.5,0.5,4.16,0,,0.3,24.96,1,1
2,2017-06-30 23:09:35,2017-06-30 23:20:05,N,1,97,181,1,1.85,9,0.5,0.5,3.09,0,,0.3,13.39,1,1
2,2017-06-30 23:43:27,2017-06-30 23:47:57,N,1,97,49,1,1.32,6,0.5,0.5,1.46,0,,0.3,8.76,1,1
2,2017-06-30 23:56:25,2017-07-01 00:02:45,N,1,97,61,1,1.34,6.5,0.5,0.5,0,0,,0.3,7.8,2,1
2,2017-06-30 23:03:27,2017-06-30 23:10:09,N,1,66,52,2,1.48,7,0.5,0.5,2.32,0,,0.3,10.62,1,1
2,2017-06-30 23:09:15,2017-06-30 23:13:57,N,1,33,25,2,1.09,5.5,0.5,0.5,1.36,0,,0.3,8.16,1,1
2,2017-06-30 23:30:46,2017-06-30 23:38:28,N,1,25,181,2,1.57,7.5,0.5,0.5,2.64,0,,0.3,11.44,1,1
2,2017-06-30 23:37:03,2017-06-30 23:38:47,N,1,130,130,1,.21,3,0.5,0.5,0,0,,0.3,4.3,2,1
2,2017-06-30 23:48:59,2017-07-01 00:11:44,N,1,130,148,1,13.05,37,0.5,0.5,0,0,,0.3,38.3,2,1
2,2017-06-30 23:57:00,2017-07-01 00:07:17,N,1,7,82,1,1.57,9,0.5,0.5,0,0,,0.3,10.3,2,1
2,2017-06-30 23:06:19,2017-06-30 23:21:25,N,1,7,173,1,4.37,16,0.5,0.5,0,0,,0.3,17.3,2,1
2,2017-06-30 23:41:29,2017-07-01 00:01:00,N,1,93,260,1,3.05,14,0.5,0.5,3.06,0,,0.3,18.36,1,1
2,2017-06-30 23:05:28,2017-06-30 23:09:31,N,1,116,116,1,.69,5,0.5,0.5,0,0,,0.3,6.3,1,1
2,2017-06-30 23:20:05,2017-06-30 23:26:35,N,1,166,151,1,1.30,6,0.5,0.5,0,0,,0.3,7.3,2,1
2,2017-06-30 23:44:15,2017-06-30 23:57:20,N,1,166,75,1,2.08,10.5,0.5,0.5,0,0,,0.3,11.8,1,1
2,2017-06-30 23:24:52,2017-06-30 23:31:14,N,1,255,255,1,.75,6,0.5,0.5,1.46,0,,0.3,8.76,1,1
2,2017-06-30 23:36:16,2017-06-30 23:54:07,N,1,255,148,1,2.84,13.5,0.5,0.5,2.2,0,,0.3,17,1,1
2,2017-06-30 23:29:21,2017-06-30 23:40:10,N,1,129,129,1,1.52,8.5,0.5,0.5,0,0,,0.3,9.8,2,1
2,2017-06-30 23:58:30,2017-07-01 00:04:11,N,1,82,129,1,.81,5.5,0.5,0.5,0,0,,0.3,6.8,2,1
2,2017-06-30 23:16:38,2017-06-30 23:36:10,N,1,112,7,1,4.12,16.5,0.5,0.5,0,0,,0.3,17.8,2,1
2,2017-06-30 23:05:55,2017-06-30 23:15:26,N,1,130,205,1,2.08,9,0.5,0.5,1.7,0,,0.3,12,1,1
2,2017-06-30 23:58:29,2017-07-01 00:23:01,N,1,130,193,1,11.54,33.5,0.5,0.5,0,0,,0.3,34.8,2,1
2,2017-06-30 23:19:06,2017-06-30 23:38:00,N,1,256,145,1,2.79,14,0.5,0.5,3.06,0,,0.3,18.36,1,1
2,2017-06-30 23:18:28,2017-06-30 23:26:49,N,1,18,20,1,1.81,8,0.5,0.5,0,0,,0.3,11.25,1,1
2,2017-06-30 23:05:56,2017-06-30 23:14:37,N,1,159,42,1,1.75,8.5,0.5,0.5,0,0,,0.3,9.8,2,1
2,2017-06-30 23:04:27,2017-06-30 23:16:32,N,1,181,112,1,4.31,14.5,0.5,0.5,4.74,0,,0.3,20.54,1,1
2,2017-06-30 23:11:10,2017-06-30 23:17:44,N,1,7,179,1,1.09,6,0.5,0.5,6,0,,0.3,13.3,1,1
2,2017-06-30 23:14:26,2017-06-30 23:22:42,N,1,75,168,1,2.43,9.5,0,0.5,0,0,,0.3,10.3,2,1
2,2017-06-30 23:16:00,2017-06-30 23:25:19,N,1,61,61,1,1.28,8,0.5,0.5,0,0,,0.3,9.3,2,1
2,2017-06-30 23:18:36,2017-06-30 23:31:58,N,1,112,37,1,1.96,10,0.5,0.5,0,0,,0.3,11.3,2,1
2,2017-06-30 23:26:23,2017-06-30 23:33:40,N,1,33,25,1,1.66,7.5,0.5,0.5,1.76,0,,0.3,12.51,1,1
2,2017-06-30 23:42:06,2017-06-30 23:46:18,N,1,41,41,1,.69,5,0.5,0.5,0,0,,0.3,6.3,2,1
2,2017-06-30 23:47:32,2017-06-30 23:47:34,N,5,41,41,1,.00,7,0,0,1.4,0,,0,8.4,1,2
2,2017-06-30 23:45:34,2017-06-30 23:49:25,N,1,82,129,1,.71,5,0.5,0.5,0,0,,0.3,6.3,2,1
2,2017-06-30 23:26:54,2017-06-30 23:55:40,N,1,7,238,1,6.12,23.5,0.5,0.5,4.96,0,,0.3,29.76,1,1
2,2017-06-30 23:47:54,2017-06-30 23:56:33,N,1,255,256,1,1.11,7.5,0.5,0.5,1.76,0,,0.3,10.56,1,1
2,2017-06-30 23:46:29,2017-06-30 23:58:26,N,1,255,17,1,2.78,11,0.5,0.5,2.46,0,,0.3,14.76,1,1
2,2017-06-30 23:55:37,2017-06-30 23:59:58,N,1,42,41,1,.88,5.5,0.5,0.5,1,0,,0.3,7.8,1,1
2,2017-06-30 23:46:39,2017-07-01 00:00:05,N,1,97,257,1,3.26,12.5,0.5,0.5,2.76,0,,0.3,16.56,1,1
2,2017-06-30 23:53:20,2017-07-01 00:00:35,N,1,61,61,1,1.11,6.5,0.5,0.5,1.95,0,,0.3,9.75,1,1
2,2017-06-30 23:51:25,2017-07-01 00:01:13,N,1,74,116,2,1.88,9,0.5,0.5,1.7,0,,0.3,12,1,1
2,2017-06-30 23:59:54,2017-07-01 00:04:27,N,1,223,223,1,.94,5.5,0.5,0.5,0,0,,0.3,6.8,2,1
2,2017-06-30 23:39:49,2017-07-01 00:06:35,N,1,74,100,1,5.63,21.5,0,0.5,4.46,0,,0.3,26.76,1,1
2,2017-06-30 23:51:32,2017-07-01 00:06:59,N,1,97,133,1,5.38,18,0.5,0.5,3.86,0,,0.3,23.16,1,1
2,2017-06-30 23:56:49,2017-07-01 00:09:07,N,1,116,75,1,2.95,11.5,0.5,0.5,0,0,,0.3,12.8,2,1
2,2017-06-30 23:58:10,2017-07-01 00:10:14,N,1,244,42,1,1.82,10,0.5,0.5,0,0,,0.3,11.3,2,1
2,2017-06-30 23:55:48,2017-07-01 00:11:00,N,1,255,226,1,3.23,13,0.5,0.5,0,0,,0.3,14.3,2,1
2,2017-06-30 23:57:09,2017-07-01 00:10:58,N,1,36,80,6,2.32,11,0.5,0.5,0,0,,0.3,12.3,1,1
2,2017-06-30 23:59:30,2017-07-01 00:11:02,N,1,82,197,1,3.56,12.5,0.5,0.5,0,0,,0.3,13.8,2,1
2,2017-06-30 23:59:31,2017-07-01 00:12:47,N,1,95,98,1,4.99,16.5,0.5,0.5,0,0,,0.3,17.8,1,1
2,2017-06-30 23:59:29,2017-07-01 00:12:54,N,1,74,208,1,8.42,24,0.5,0.5,0,5.76,,0.3,31.06,2,1
2,2017-06-30 23:59:55,2017-07-01 00:16:53,N,1,255,49,1,2.32,13.5,0.5,0.5,2.96,0,,0.3,17.76,1,1
2,2017-06-30 23:57:05,2017-07-01 00:18:42,N,1,112,113,1,5.11,19.5,0.5,0.5,0,0,,0.3,20.8,2,1
2,2017-06-30 23:48:38,2017-07-01 00:19:15,N,1,41,148,1,9.86,31,0.5,0.5,0,0,,0.3,32.3,2,1
2,2017-06-30 23:10:01,2017-06-30 23:31:08,N,1,80,40,1,4.61,18.5,0.5,0.5,3.96,0,,0.3,23.76,1,1
2,2017-06-30 23:37:10,2017-06-30 23:49:32,N,1,25,232,1,1.19,9.5,0.5,0.5,2.16,0,,0.3,12.96,1,1
2,2017-06-30 23:56:15,2017-07-01 00:11:43,N,1,260,129,1,1.91,11,0.5,0.5,2.46,0,,0.3,14.76,1,1
2,2017-06-30 23:08:53,2017-06-30 23:20:47,N,1,80,36,1,2.30,10.5,0.5,0.5,2.36,0,,0.3,14.16,1,1
2,2017-06-30 23:06:09,2017-06-30 23:21:14,N,1,80,181,1,6.86,21,0.5,0.5,4.46,0,,0.3,26.76,1,1
2,2017-06-30 23:27:49,2017-06-30 23:43:44,N,1,181,90,1,4.79,16,0.5,0.5,2,0,,0.3,19.3,1,1
2,2017-06-30 23:20:39,2017-06-30 23:33:26,N,1,80,190,1,7.63,22,0.5,0.5,4.66,0,,0.3,27.96,1,1
1,2017-06-30 23:59:38,2017-07-01 00:27:16,N,1,66,48,1,5.90,22.5,0.5,0.5,0,0,,0.3,23.8,2,1
1,2017-06-30 23:59:55,2017-07-01 00:19:11,N,1,97,89,1,3.70,16,0.5,0.5,0,0,,0.3,17.3,2,1
1,2017-06-30 23:59:58,2017-07-01 00:04:06,N,1,25,106,1,1.20,6,0.5,0.5,1.45,0,,0.3,8.75,1,1
1,2017-06-30 23:59:35,2017-07-01 00:24:07,N,1,97,198,1,5.20,20,0.5,0.5,4.25,0,,0.3,25.55,1,1
1,2017-06-30 23:59:21,2017-07-01 00:07:08,N,1,181,257,1,2.60,10,0.5,0.5,0,0,,0.3,11.3,2,1
1,2017-06-30 23:59:12,2017-07-01 00:01:51,N,1,7,7,1,.40,4,0.5,0.5,0,0,,0.3,5.3,2,1
1,2017-06-30 23:59:10,2017-07-01 00:09:26,N,1,42,120,1,2.40,9.5,0.5,0.5,0,0,,0.3,10.8,2,1
1,2017-06-30 23:58:31,2017-07-01 00:05:43,N,1,129,56,1,1.50,7,0.5,0.5,0,0,,0.3,8.3,2,1
1,2017-06-30 23:58:14,2017-07-01 00:05:13,N,1,7,7,1,1.30,7,0.5,0.5,0,0,,0.3,8.3,2,1
1,2017-06-30 23:58:20,2017-07-01 00:26:48,N,1,255,164,1,5.30,22.5,0.5,0.5,7.1,0,,0.3,30.9,1,1
1,2017-06-30 23:57:55,2017-07-01 00:02:54,N,1,7,7,1,.70,5,0.5,0.5,0,0,,0.3,6.3,4,1
1,2017-06-30 23:57:45,2017-07-01 00:01:51,N,1,106,181,1,.80,5,0.5,0.5,0,0,,0.3,6.3,2,1
1,2017-06-30 23:57:51,2017-07-01 00:15:45,N,1,225,89,1,3.30,14.5,0.5,0.5,0,0,,0.3,15.8,2,1
1,2017-06-30 23:57:43,2017-07-01 00:02:25,N,1,83,82,1,.90,5,0.5,0.5,0,0,,0.3,6.3,2,1
1,2017-06-30 23:57:38,2017-07-01 00:12:43,N,1,116,127,1,4.00,15.5,0.5,0.5,1.5,0,,0.3,18.3,1,1
1,2017-06-30 23:57:41,2017-07-01 00:12:33,N,1,181,228,1,2.80,12.5,0.5,0.5,0,0,,0.3,13.8,1,1
1,2017-06-30 23:57:40,2017-07-01 00:03:11,N,5,41,42,1,.90,0,0,0,0,0,,0,0,2,2
1,2017-06-30 23:57:34,2017-07-01 00:15:10,N,1,112,17,1,4.60,16.5,0.5,0.5,3.55,0,,0.3,21.35,1,1
1,2017-06-30 23:57:28,2017-07-01 00:25:50,N,1,97,181,1,3.50,18.5,0.5,0.5,0,0,,0.3,19.8,2,1
1,2017-06-30 23:57:23,2017-07-01 00:09:29,N,1,166,42,1,2.50,11,0.5,0.5,3,0,,0.3,15.3,1,1
1,2017-06-30 23:57:03,2017-07-01 00:10:52,N,1,49,33,1,2.10,11,0.5,0.5,0,0,,0.3,12.3,2,1
1,2017-06-30 23:56:15,2017-07-01 00:08:46,N,1,255,49,3,2.80,12,0.5,0.5,0,0,,0.3,13.3,2,1
1,2017-06-30 23:56:10,2017-07-01 00:07:16,N,1,42,166,1,1.80,9.5,0.5,0.5,1,0,,0.3,11.8,1,1
1,2017-06-30 23:55:41,2017-07-01 00:16:45,N,1,66,158,2,5.90,20,0.5,0.5,4.26,0,,0.3,25.56,1,1
1,2017-06-30 23:55:34,2017-07-01 00:02:57,N,1,97,66,1,.90,6.5,0.5,0.5,0,0,,0.3,7.8,2,1
1,2017-06-30 23:55:22,2017-07-01 00:07:48,N,1,181,17,1,3.00,11.5,0.5,0.5,3.8,0,,0.3,16.6,1,1
1,2017-06-30 23:55:07,2017-07-01 00:01:10,N,1,159,69,1,1.20,6.5,0.5,0.5,0,0,,0.3,7.8,2,1
1,2017-06-30 23:55:04,2017-07-01 00:02:51,N,1,61,61,1,1.50,7.5,0.5,0.5,0,0,,0.3,8.8,2,1
1,2017-06-30 23:54:52,2017-07-01 00:10:45,N,1,17,89,1,3.30,13.5,0.5,0.5,0.01,0,,0.3,14.81,1,1
1,2017-06-30 23:54:49,2017-07-01 00:06:55,N,1,97,255,1,3.80,13.5,0.5,0.5,2.95,0,,0.3,17.75,1,1
1,2017-06-30 23:54:45,2017-07-01 00:06:29,N,1,210,108,1,2.20,10.5,0.5,0.5,2.35,0,,0.3,14.15,1,1
1,2017-06-30 23:54:45,2017-07-01 00:00:09,N,1,181,181,1,1.10,6.5,0.5,0.5,0,0,,0.3,7.8,2,1
1,2017-06-30 23:54:38,2017-07-01 00:02:01,N,1,82,129,1,1.50,7.5,0.5,0.5,0,0,,0.3,8.8,2,1
1,2017-06-30 23:54:28,2017-07-01 00:01:51,N,1,33,40,2,1.60,7,0.5,0.5,0,0,,0.3,8.3,2,1
1,2017-06-30 23:54:12,2017-06-30 23:56:43,N,1,49,17,1,.40,4,0.5,0.5,0,0,,0.3,5.3,2,1
1,2017-06-30 23:53:59,2017-07-01 00:05:13,N,1,36,157,2,2.30,10.5,0.5,0.5,0,0,,0.3,11.8,2,1
1,2017-06-30 23:53:56,2017-06-30 23:57:48,N,1,166,41,1,.60,4.5,0.5,0.5,0,0,,0.3,5.8,2,1
1,2017-06-30 23:54:16,2017-06-30 23:59:11,N,1,42,42,1,.70,5.5,0.5,0.5,1.35,0,,0.3,8.15,1,1
1,2017-06-30 23:53:44,2017-07-01 00:01:28,N,1,129,129,1,1.30,7,0.5,0.5,1,0,,0.3,9.3,1,1
1,2017-06-30 23:53:41,2017-07-01 00:15:10,N,1,74,51,1,12.20,34.5,0.5,0.5,0,0,,0.3,35.8,3,1
1,2017-06-30 23:53:28,2017-07-01 00:16:39,N,1,40,227,1,4.10,18,0.5,0.5,0,0,,0.3,19.3,2,1
1,2017-06-30 23:53:00,2017-06-30 23:58:40,N,1,129,83,1,.70,5.5,0.5,0.5,0,0,,0.3,6.8,2,1
1,2017-06-30 23:52:29,2017-06-30 23:59:43,N,1,145,226,2,2.10,8,1,0.5,1.96,0,,0.3,11.76,1,1
1,2017-06-30 23:52:19,2017-06-30 23:58:58,N,1,75,74,1,1.30,7,0.5,0.5,0,0,,0.3,8.3,2,1
1,2017-06-30 23:52:17,2017-07-01 00:08:57,N,1,168,75,1,3.40,14,0.5,0.5,0,0,,0.3,15.3,2,1
1,2017-06-30 23:53:51,2017-06-30 23:59:20,N,1,74,75,1,1.30,6,0.5,0.5,0,0,,0.3,7.3,2,1
1,2017-06-30 23:51:54,2017-07-01 00:02:23,N,1,74,42,1,2.00,9.5,0.5,0.5,0,0,,0.3,10.8,1,1
1,2017-06-30 23:51:54,2017-07-01 00:00:28,N,1,116,41,2,1.30,7.5,0.5,0.5,1.75,0,,0.3,10.55,1,1
1,2017-06-30 23:51:40,2017-06-30 23:53:34,N,1,166,152,1,.30,3.5,0.5,0.5,0,0,,0.3,4.8,4,1
1,2017-06-30 23:50:45,2017-06-30 23:52:51,N,1,85,188,1,.70,4,0.5,0.5,1.55,0,,0.3,6.85,1,1
1,2017-06-30 23:50:27,2017-06-30 23:57:36,N,1,7,226,1,1.30,7,0.5,0.5,1.65,0,,0.3,9.95,1,1
1,2017-06-30 23:50:26,2017-07-01 00:12:44,N,1,25,228,1,3.60,17,0.5,0.5,3.65,0,,0.3,21.95,1,1
1,2017-06-30 23:51:51,2017-07-01 00:00:19,N,1,129,82,2,1.30,7.5,0.5,0.5,0,0,,0.3,8.8,2,1
1,2017-06-30 23:50:25,2017-06-30 23:56:58,N,1,25,181,1,1.50,7.5,0.5,0.5,2.6,0,,0.3,11.4,1,1
1,2017-06-30 23:50:15,2017-07-01 00:01:42,N,1,7,260,1,2.20,10.5,0.5,0.5,0,0,,0.3,11.8,2,1
1,2017-06-30 23:49:53,2017-06-30 23:58:11,N,1,129,226,1,1.70,8,0.5,0.5,0,0,,0.3,9.3,2,1
1,2017-06-30 23:49:30,2017-06-30 23:57:25,N,1,210,210,1,1.30,7.5,0.5,0.5,0,0,,0.3,8.8,1,1
1,2017-06-30 23:49:13,2017-06-30 23:56:08,N,1,17,61,1,.90,6.5,0.5,0.5,0,0,,0.3,7.8,2,1
1,2017-06-30 23:49:12,2017-06-30 23:53:19,N,1,74,168,1,1.30,6,0.5,0.5,0,0,,0.3,7.3,2,1
1,2017-06-30 23:49:35,2017-06-30 23:53:41,N,1,223,223,1,1.00,5.5,0.5,0.5,1.35,0,,0.3,8.15,1,1
1,2017-06-30 23:48:43,2017-06-30 23:52:18,N,1,80,255,1,.80,5,0.5,0.5,0,0,,0.3,6.3,2,1
1,2017-06-30 23:48:41,2017-07-01 00:00:52,N,1,166,263,1,2.40,11,0.5,0.5,3.05,0,,0.3,15.35,1,1
1,2017-06-30 23:48:34,2017-07-01 00:09:05,N,1,255,148,1,4.20,18,0.5,0.5,0,0,,0.3,19.3,2,1
1,2017-06-30 23:48:07,2017-06-30 23:59:32,N,1,181,62,1,2.00,9.5,0.5,0.5,2,0,,0.3,12.8,1,1
1,2017-06-30 23:48:01,2017-07-01 00:00:18,N,1,255,17,1,2.40,10,0.5,0.5,0,0,,0.3,11.3,2,1
1,2017-06-30 23:47:53,2017-07-01 00:22:18,N,1,129,186,1,7.40,26.5,0.5,0.5,0,0,,0.3,27.8,2,1
1,2017-06-30 23:48:46,2017-07-01 00:15:18,N,1,152,170,4,6.60,24,0.5,0.5,0,0,,0.3,25.3,2,1
1,2017-06-30 23:47:26,2017-06-30 23:53:03,N,1,41,41,1,1.10,6,0.5,0.5,0,0,,0.3,7.3,2,1
1,2017-06-30 23:48:26,2017-06-30 23:58:59,N,1,255,112,1,1.40,8.5,0.5,0.5,1.95,0,,0.3,11.75,1,1
1,2017-06-30 23:47:36,2017-06-30 23:54:46,N,1,223,129,1,2.10,8,0.5,0.5,0,0,,0.3,9.3,2,1
1,2017-06-30 23:47:18,2017-06-30 23:58:44,N,1,255,145,1,2.60,10.5,0.5,0.5,0,0,,0.3,11.8,2,1
1,2017-06-30 23:47:02,2017-07-01 00:09:10,N,1,255,181,2,6.60,22.5,0.5,0.5,4.75,0,,0.3,28.55,1,1
1,2017-06-30 23:47:01,2017-07-01 00:01:05,N,1,40,225,2,3.30,12.5,0.5,0.5,0,0,,0.3,13.8,2,1
1,2017-06-30 23:46:56,2017-06-30 23:58:21,N,1,41,168,1,2.70,11,0.5,0.5,0,0,,0.3,12.3,2,1
1,2017-06-30 23:46:44,2017-07-01 00:03:24,N,5,75,116,1,3.70,0,0,0,0,0,,0,0,4,2
1,2017-06-30 23:47:31,2017-06-30 23:50:27,N,1,179,179,1,.50,4,0.5,0.5,1.05,0,,0.3,6.35,1,1
1,2017-06-30 23:46:24,2017-06-30 23:56:19,N,1,37,112,2,2.20,9.5,0.5,0.5,2.7,0,,0.3,13.5,1,1
1,2017-06-30 23:47:14,2017-06-30 23:54:17,N,1,75,162,1,2.10,8.5,0.5,0.5,0,0,,0.3,9.8,1,1
1,2017-06-30 23:46:03,2017-06-30 23:57:16,N,1,25,61,1,2.90,11,0.5,0.5,0,0,,0.3,12.3,2,1
1,2017-06-30 23:46:15,2017-06-30 23:48:34,N,1,7,7,1,.10,3.5,0.5,0.5,0,0,,0.3,4.8,2,1
1,2017-06-30 23:46:38,2017-06-30 23:49:23,N,1,7,146,1,.60,4,0.5,0.5,0,0,,0.3,5.3,2,1
1,2017-06-30 23:45:45,2017-06-30 23:49:11,N,1,210,29,1,.90,5,0.5,0.5,1.25,0,,0.3,7.55,1,1
1,2017-06-30 23:45:35,2017-06-30 23:56:59,N,1,97,257,1,3.70,13,0.5,0.5,0,0,,0.3,14.3,2,1
1,2017-06-30 23:45:33,2017-07-01 00:11:37,N,1,256,179,1,5.60,21,0.5,0.5,0,0,,0.3,22.3,2,1
1,2017-06-30 23:45:31,2017-06-30 23:50:42,N,1,260,129,1,.60,5,0.5,0.5,0,0,,0.3,6.3,2,1
1,2017-06-30 23:45:29,2017-07-01 00:02:06,N,1,80,37,1,3.40,13.5,0.5,0.5,2.95,0,,0.3,17.75,1,1
1,2017-06-30 23:45:21,2017-06-30 23:51:09,N,1,41,42,1,1.10,6,0.5,0.5,0,0,,0.3,7.3,2,1
1,2017-06-30 23:45:04,2017-06-30 23:57:37,N,1,223,252,1,8.20,23.5,0.5,0.5,0,0,,0.3,24.8,2,1
1,2017-06-30 23:45:08,2017-06-30 23:54:12,N,1,97,181,1,2.20,9.5,0.5,0.5,2.16,0,,0.3,12.96,1,1
1,2017-06-30 23:45:28,2017-07-01 00:07:42,N,1,97,161,1,8.10,24.5,0.5,0.5,4.5,0,,0.3,30.3,1,1
1,2017-06-30 23:44:52,2017-06-30 23:44:57,N,1,97,97,1,2.30,2.5,0.5,0.5,0.57,0,,0.3,4.37,1,1
1,2017-06-30 23:45:04,2017-06-30 23:51:29,N,1,41,74,1,1.30,7,0.5,0.5,0,0,,0.3,8.3,1,1
1,2017-06-30 23:44:20,2017-06-30 23:53:55,N,1,82,70,3,3.30,12,0.5,0.5,0,2,,0.3,15.3,2,1
1,2017-06-30 23:43:54,2017-06-30 23:55:56,N,1,112,80,1,1.60,9.5,0.5,0.5,2.15,0,,0.3,12.95,1,1
1,2017-06-30 23:43:53,2017-06-30 23:54:30,N,1,74,116,1,2.70,10.5,0.5,0.5,1.89,0,,0.3,13.69,1,1
1,2017-06-30 23:43:35,2017-06-30 23:48:38,N,1,7,7,1,1.00,5.5,0.5,0.5,0,0,,0.3,6.8,2,1
1,2017-06-30 23:43:44,2017-06-30 23:57:29,N,1,188,225,2,3.20,12.5,0.5,0.5,0,0,,0.3,13.8,2,1
1,2017-06-30 23:43:32,2017-07-01 00:12:11,N,1,244,125,1,9.50,30.5,0.5,0.5,7.25,0,,0.3,39.05,1,1
1,2017-06-30 23:43:22,2017-06-30 23:56:22,N,1,181,188,1,3.20,12,0.5,0.5,0,0,,0.3,13.3,2,1
1,2017-06-30 23:43:17,2017-06-30 23:53:33,N,1,42,151,1,2.30,10,0.5,0.5,0,0,,0.3,11.3,1,1
1,2017-06-30 23:43:14,2017-06-30 23:59:01,N,1,255,37,1,3.00,13,0.5,0.5,3,0,,0.3,17.3,1,1
1,2017-06-30 23:42:55,2017-06-30 23:49:40,N,1,74,168,1,1.20,7,0.5,0.5,0,0,,0.3,8.3,2,1
1,2017-06-30 23:45:39,2017-06-30 23:55:23,N,1,42,168,1,2.10,9,0.5,0.5,0,0,,0.3,10.3,2,1
1,2017-06-30 23:42:38,2017-06-30 23:59:40,N,1,82,179,1,4.10,16,0.5,0.5,0.87,0,,0.3,18.17,1,1
1,2017-06-30 23:42:37,2017-06-30 23:47:29,N,1,7,226,1,1.20,6,0.5,0.5,0,0,,0.3,7.3,2,1
1,2017-06-30 23:42:33,2017-07-01 00:02:11,N,1,97,14,2,8.10,25,0.5,0.5,8,0,,0.3,34.3,1,1
1,2017-06-30 23:42:23,2017-06-30 23:56:10,N,1,74,129,2,5.60,17.5,0.5,0.5,0,5.76,,0.3,24.56,2,1
1,2017-06-30 23:43:04,2017-06-30 23:59:17,N,1,255,148,2,2.50,12.5,0.5,0.5,1,0,,0.3,14.8,1,1
1,2017-06-30 23:42:02,2017-06-30 23:59:31,N,1,82,82,1,2.50,13,0.5,0.5,2,0,,0.3,16.3,1,1
1,2017-06-30 23:42:41,2017-07-01 00:02:01,N,1,255,188,1,4.80,17.5,0.5,0.5,0,0,,0.3,18.8,2,1
1,2017-06-30 23:43:16,2017-06-30 23:45:13,N,1,41,41,1,.20,3.5,0.5,0.5,0,0,,0.3,4.8,2,1
1,2017-06-30 23:40:58,2017-06-30 23:47:19,N,1,258,63,1,1.50,7,0.5,0.5,1.65,0,,0.3,9.95,1,1
1,2017-06-30 23:40:06,2017-06-30 23:49:05,N,1,260,7,1,1.80,8.5,0.5,0.5,2.45,0,,0.3,12.25,1,1
1,2017-06-30 23:39:40,2017-06-30 23:45:47,N,1,74,236,1,1.60,7,0.5,0.5,1.5,0,,0.3,9.8,1,1
1,2017-06-30 23:39:19,2017-06-30 23:57:33,N,1,80,189,2,4.00,16,0.5,0.5,2.6,0,,0.3,19.9,1,1
1,2017-06-30 23:39:14,2017-07-01 00:34:14,N,1,25,76,1,9.60,40,0.5,0.5,0,0,,0.3,41.3,2,1
1,2017-06-30 23:39:12,2017-06-30 23:50:45,N,1,17,225,3,2.20,10,0.5,0.5,0,0,,0.3,11.3,2,1
1,2017-06-30 23:40:12,2017-07-01 00:08:38,N,1,17,210,1,6.20,23.5,0.5,0.5,0,0,,0.3,24.8,4,1
1,2017-06-30 23:38:59,2017-06-30 23:40:25,N,1,75,263,1,.60,4,0.5,0.5,1.05,0,,0.3,6.35,1,1
1,2017-06-30 23:38:42,2017-06-30 23:48:28,N,1,112,255,2,1.50,8.5,0.5,0.5,0,0,,0.3,9.8,2,1
1,2017-06-30 23:38:37,2017-06-30 23:57:49,N,1,41,230,1,4.60,17.5,0.5,0.5,2,0,,0.3,20.8,1,1
1,2017-06-30 23:39:31,2017-06-30 23:48:07,N,1,97,181,1,1.90,8.5,0.5,0.5,2.45,0,,0.3,12.25,1,1
1,2017-06-30 23:38:32,2017-07-01 00:01:37,N,1,112,144,1,3.60,17,0.5,0.5,3.65,0,,0.3,21.95,1,1
1,2017-06-30 23:38:34,2017-06-30 23:57:18,N,1,256,181,1,6.80,21.5,0.5,0.5,0,0,,0.3,22.8,2,1
1,2017-06-30 23:38:45,2017-06-30 23:47:37,N,1,82,7,2,1.50,8,0.5,0.5,0,0,,0.3,9.3,2,1
1,2017-06-30 23:38:28,2017-06-30 23:41:40,N,1,255,112,1,.60,4,0.5,0.5,1.05,0,,0.3,6.35,1,1
1,2017-06-30 23:38:40,2017-07-01 00:20:40,N,1,112,78,1,12.50,40,0.5,0.5,0,0,,0.3,41.3,2,1
1,2017-06-30 23:38:17,2017-06-30 23:52:40,N,1,33,170,1,6.00,18.5,0.5,0.5,3.95,0,,0.3,23.75,1,1
1,2017-06-30 23:38:04,2017-06-30 23:42:44,N,1,112,145,2,1.00,5.5,0.5,0.5,0,0,,0.3,6.8,2,1
1,2017-06-30 23:37:40,2017-06-30 23:52:06,N,1,112,49,1,4.00,14.5,0.5,0.5,3.15,0,,0.3,18.95,1,1
1,2017-06-30 23:38:56,2017-06-30 23:43:45,N,1,179,179,2,.90,5.5,0.5,0.5,0,0,,0.3,6.8,1,1
1,2017-06-30 23:37:28,2017-07-01 00:01:46,N,1,66,232,1,3.90,18,0.5,0.5,0,0,,0.3,19.3,2,1
1,2017-06-30 23:37:27,2017-06-30 23:49:34,N,1,95,28,3,2.60,11,0.5,0.5,0,0,,0.3,12.3,2,1
1,2017-06-30 23:38:24,2017-06-30 23:45:35,N,1,74,152,2,1.30,7,0.5,0.5,1,0,,0.3,9.3,1,1
1,2017-06-30 23:37:17,2017-06-30 23:53:11,N,1,66,7,1,8.50,25,0.5,0.5,4,0,,0.3,30.3,1,1
1,2017-06-30 23:37:28,2017-06-30 23:42:51,N,1,7,7,1,1.10,6,0.5,0.5,1.45,0,,0.3,8.75,1,1
1,2017-06-30 23:36:27,2017-06-30 23:44:16,N,1,49,97,1,1.60,7.5,0.5,0.5,1.75,0,,0.3,10.55,1,1
1,2017-06-30 23:36:14,2017-06-30 23:40:39,N,1,42,42,1,.80,5,0.5,0.5,0,0,,0.3,6.3,2,1
1,2017-06-30 23:36:08,2017-07-01 00:01:59,N,1,80,113,1,4.20,19,0.5,0.5,4.05,0,,0.3,24.35,1,1
1,2017-06-30 23:36:36,2017-06-30 23:49:56,N,1,42,244,1,2.40,11.5,0.5,0.5,0,0,,0.3,12.8,2,1
1,2017-06-30 23:36:08,2017-06-30 23:54:22,N,1,74,239,1,3.50,15,0.5,0.5,5,0,,0.3,21.3,1,1
1,2017-06-30 23:35:40,2017-06-30 23:57:18,N,1,65,198,1,5.00,19,0.5,0.5,5.05,0,,0.3,25.35,1,1
1,2017-06-30 23:34:45,2017-06-30 23:49:40,N,1,33,233,1,6.20,19,0.5,0.5,0,0,,0.3,20.3,1,1
1,2017-06-30 23:34:31,2017-06-30 23:40:16,N,1,166,74,1,1.10,6,0.5,0.5,0,0,,0.3,7.3,2,1
1,2017-06-30 23:34:25,2017-06-30 23:42:57,N,1,112,80,1,1.30,7.5,0.5,0.5,1.75,0,,0.3,10.55,1,1
1,2017-06-30 23:34:20,2017-07-01 00:06:27,N,1,195,100,3,9.70,32.5,0.5,0.5,0,0,,0.3,33.8,2,1
1,2017-06-30 23:34:06,2017-07-01 00:01:10,N,1,112,14,1,12.50,36,0.5,0.5,7.45,0,,0.3,44.75,1,1
1,2017-06-30 23:33:52,2017-06-30 23:44:35,N,1,223,7,1,1.40,9,0.5,0.5,1,0,,0.3,11.3,1,1
1,2017-06-30 23:33:47,2017-06-30 23:41:39,N,1,74,159,1,2.50,9.5,0.5,0.5,0,0,,0.3,10.8,2,1
1,2017-06-30 23:33:41,2017-06-30 23:58:04,N,1,55,190,1,12.40,35,0.5,0.5,0.04,0,,0.3,36.34,1,1
1,2017-06-30 23:33:40,2017-06-30 23:43:53,N,1,56,82,1,1.60,8,0.5,0.5,0,0,,0.3,9.3,2,1
1,2017-06-30 23:34:05,2017-06-30 23:45:30,N,1,65,181,1,2.40,10,0.5,0.5,2.25,0,,0.3,13.55,1,1
1,2017-06-30 23:33:34,2017-06-30 23:40:43,N,1,225,61,4,1.30,7,0.5,0.5,0,0,,0.3,8.3,2,1
1,2017-06-30 23:33:31,2017-06-30 23:44:24,N,1,260,157,1,2.10,9.5,0.5,0.5,0,0,,0.3,10.8,2,1
1,2017-06-30 23:33:31,2017-06-30 23:38:50,N,1,181,257,1,1.40,6.5,0.5,0.5,0,0,,0.3,7.8,2,1
1,2017-06-30 23:33:15,2017-06-30 23:48:58,N,1,97,225,1,2.90,12.5,0.5,0.5,4,0,,0.3,17.8,1,1
1,2017-06-30 23:34:37,2017-06-30 23:40:23,N,1,106,25,1,1.20,6.5,0.5,0.5,0,0,,0.3,7.8,2,1
1,2017-06-30 23:32:56,2017-06-30 23:44:19,N,1,92,53,1,2.80,11,0.5,0.5,0,0,,0.3,12.3,2,1
1,2017-06-30 23:32:50,2017-06-30 23:40:01,N,1,41,75,1,1.50,7,0.5,0.5,0,0,,0.3,8.3,2,1
1,2017-06-30 23:32:48,2017-06-30 23:37:07,N,1,166,41,1,.70,5,0.5,0.5,0,0,,0.3,6.3,2,1
1,2017-06-30 23:32:45,2017-06-30 23:36:38,N,1,7,7,1,.60,4.5,0.5,0.5,0,0,,0.3,5.8,2,1
1,2017-06-30 23:32:42,2017-06-30 23:45:27,N,1,95,92,2,3.40,13,0.5,0.5,0,0,,0.3,14.3,2,1
1,2017-06-30 23:32:34,2017-06-30 23:37:39,N,1,74,74,1,.60,5,0.5,0.5,1,0,,0.3,7.3,1,1
1,2017-06-30 23:32:15,2017-07-01 00:04:01,N,1,61,114,1,6.10,24.5,0.5,0.5,0,0,,0.3,25.8,2,1
1,2017-06-30 23:32:13,2017-06-30 23:35:30,N,1,42,41,1,.70,4.5,0.5,0.5,0,0,,0.3,5.8,2,1
1,2017-06-30 23:32:09,2017-06-30 23:51:28,N,1,7,255,1,7.70,24,0.5,0.5,5.05,0,,0.3,30.35,1,1
1,2017-06-30 23:32:23,2017-06-30 23:40:37,N,5,18,18,1,1.20,7,0,0,0,0,,0,7,2,2
1,2017-06-30 23:31:45,2017-06-30 23:48:14,N,1,40,148,1,4.30,14.5,0.5,0.5,3.15,0,,0.3,18.95,1,1
1,2017-06-30 23:32:28,2017-06-30 23:43:21,N,1,193,7,1,2.20,9.5,0.5,0.5,0,0,,0.3,10.8,2,1
1,2017-06-30 23:31:54,2017-06-30 23:47:52,N,1,74,127,1,5.60,18.5,0.5,0.5,3,0,,0.3,22.8,1,1
1,2017-06-30 23:31:33,2017-06-30 23:34:52,N,1,256,217,1,.40,4,0.5,0.5,0,0,,0.3,5.3,2,1
1,2017-06-30 23:31:32,2017-06-30 23:36:26,N,1,134,197,1,.60,5,0.5,0.5,1,0,,0.3,7.3,1,1
1,2017-06-30 23:31:21,2017-06-30 23:49:49,N,1,166,230,1,3.30,15,1,0.5,0,0,,0.3,16.8,2,1
1,2017-06-30 23:31:40,2017-06-30 23:43:20,N,1,41,247,1,2.60,11,0.5,0.5,2.45,0,,0.3,14.75,1,1
1,2017-06-30 23:31:20,2017-06-30 23:43:28,N,1,255,37,2,2.10,10,0.5,0.5,0,0,,0.3,11.3,2,1
1,2017-06-30 23:32:12,2017-06-30 23:34:44,N,1,255,256,1,.40,3.5,0.5,0.5,0,0,,0.3,4.8,2,1
1,2017-06-30 23:31:04,2017-06-30 23:42:36,N,1,145,260,4,2.50,10.5,0.5,0.5,0,0,,0.3,11.8,2,1
1,2017-06-30 23:30:58,2017-06-30 23:35:13,N,1,244,244,1,.70,5,0.5,0.5,1,0,,0.3,7.3,1,1
1,2017-06-30 23:30:52,2017-06-30 23:42:28,N,1,112,146,1,2.50,11,0.5,0.5,0,0,,0.3,12.3,2,1
1,2017-06-30 23:30:49,2017-06-30 23:36:34,N,1,228,40,1,1.70,7.5,0.5,0.5,1.75,0,,0.3,10.55,1,1
1,2017-06-30 23:30:43,2017-06-30 23:38:21,N,1,49,17,1,1.60,7.5,0.5,0.5,2.6,0,,0.3,11.4,1,1
1,2017-06-30 23:31:26,2017-07-01 00:05:20,N,1,112,41,2,7.70,26.5,0.5,0.5,5.56,0,,0.3,33.36,1,1
1,2017-06-30 23:30:41,2017-06-30 23:36:20,N,1,41,74,1,1.10,6,0.5,0.5,0,0,,0.3,7.3,2,1
1,2017-06-30 23:30:34,2017-06-30 23:44:10,N,1,244,166,1,2.40,11.5,0.5,0.5,2.55,0,,0.3,15.35,1,1
1,2017-06-30 23:31:08,2017-06-30 23:54:29,N,1,226,17,1,5.80,21,0.5,0.5,4,0,,0.3,26.3,1,1
1,2017-06-30 23:29:47,2017-07-01 00:06:10,N,1,255,100,1,6.40,27.5,0.5,0.5,5.75,0,,0.3,34.55,1,1
1,2017-06-30 23:29:37,2017-06-30 23:44:46,N,1,61,89,1,2.50,12,0.5,0.5,0,0,,0.3,13.3,3,1
1,2017-06-30 23:29:34,2017-06-30 23:37:44,N,1,168,147,1,1.50,7.5,0.5,0.5,0,0,,0.3,8.8,1,1
1,2017-06-30 23:29:34,2017-06-30 23:52:26,N,1,66,198,1,8.00,25.5,0.5,0.5,5.35,0,,0.3,32.15,1,1
1,2017-06-30 23:29:35,2017-06-30 23:43:57,N,1,228,210,1,8.70,25,0.5,0.5,0,0,,0.3,26.3,2,1
1,2017-06-30 23:29:32,2017-06-30 23:47:12,N,1,181,79,1,4.10,15.5,0.5,0.5,3.35,0,,0.3,20.15,1,1
1,2017-06-30 23:29:28,2017-06-30 23:45:44,N,1,160,223,1,4.70,17,0.5,0.5,0,0,,0.3,18.3,2,1
1,2017-06-30 23:29:21,2017-06-30 23:37:51,N,1,189,17,1,1.60,8,0.5,0.5,0,0,,0.3,9.3,2,1
1,2017-06-30 23:29:13,2017-07-01 00:24:48,N,1,65,61,1,7.70,37.5,0.5,0.5,0,0,,0.3,38.8,3,1
1,2017-06-30 23:29:07,2017-06-30 23:55:06,N,1,41,220,1,6.40,23,0.5,0.5,2.5,0,,0.3,26.8,1,1
1,2017-06-30 23:28:48,2017-06-30 23:33:38,N,1,129,7,1,1.10,6,1,0.5,0,0,,0.3,7.8,2,1
1,2017-06-30 23:28:19,2017-06-30 23:35:04,N,1,193,112,1,1.60,7.5,0.5,0.5,2.2,0,,0.3,11,1,1
1,2017-06-30 23:28:02,2017-06-30 23:33:29,N,1,256,255,1,.80,5.5,0.5,0.5,1.35,0,,0.3,8.15,1,1
1,2017-06-30 23:27:57,2017-06-30 23:38:21,N,1,256,49,1,2.20,9.5,0.5,0.5,2.15,0,,0.3,12.95,1,1
1,2017-06-30 23:27:41,2017-06-30 23:50:13,N,1,75,230,1,4.10,17,0.5,0.5,0,0,,0.3,18.3,2,1
1,2017-06-30 23:28:24,2017-06-30 23:43:40,N,1,40,256,1,5.30,18,0.5,0.5,3,0,,0.3,22.3,1,1
1,2017-06-30 23:27:18,2017-06-30 23:31:32,N,1,226,260,3,.70,5,0.5,0.5,0,0,,0.3,6.3,2,1
1,2017-06-30 23:27:36,2017-06-30 23:33:12,N,1,223,223,1,1.70,7,0.5,0.5,0,0,,0.3,8.3,2,1
1,2017-06-30 23:26:46,2017-06-30 23:38:09,N,1,7,129,1,2.20,10,0.5,0.5,0,0,,0.3,11.3,2,1
1,2017-06-30 23:27:00,2017-06-30 23:47:03,N,1,260,45,1,7.10,23.5,0.5,0.5,4,0,,0.3,28.8,1,1
1,2017-06-30 23:25:55,2017-06-30 23:43:27,N,1,75,18,3,6.90,21.5,0.5,0.5,0,0,,0.3,22.8,2,1
1,2017-06-30 23:26:07,2017-06-30 23:34:12,N,1,7,129,1,1.80,8.5,0.5,0.5,2.45,0,,0.3,12.25,1,1
1,2017-06-30 23:26:03,2017-06-30 23:33:09,N,1,49,37,1,1.40,7.5,0.5,0.5,0,0,,0.3,8.8,2,1
1,2017-06-30 23:25:57,2017-06-30 23:51:33,N,1,65,133,1,5.20,20.5,0.5,0.5,0,0,,0.3,21.8,2,1
1,2017-06-30 23:25:52,2017-06-30 23:33:38,N,1,255,80,1,1.50,7.5,0.5,0.5,2.2,0,,0.3,11,1,1
1,2017-06-30 23:25:49,2017-06-30 23:35:00,N,1,74,151,1,1.80,8.5,0.5,0.5,1.95,0,,0.3,11.75,1,1
1,2017-06-30 23:25:46,2017-06-30 23:34:37,N,1,181,97,2,1.50,8,0.5,0.5,0,0,,0.3,9.3,2,1
1,2017-06-30 23:25:44,2017-06-30 23:43:32,N,1,74,243,1,3.90,16,0.5,0.5,3.45,0,,0.3,20.75,1,1
1,2017-06-30 23:25:52,2017-06-30 23:32:32,N,1,129,82,1,1.00,6,0.5,0.5,0,0,,0.3,7.3,2,1
1,2017-06-30 23:25:41,2017-06-30 23:31:28,N,1,49,189,1,1.00,6,0.5,0.5,0,0,,0.3,7.3,2,1
1,2017-06-30 23:26:10,2017-06-30 23:30:41,N,1,145,193,1,1.20,6,0.5,0.5,0,0,,0.3,7.3,2,1
1,2017-06-30 23:25:11,2017-06-30 23:35:53,N,1,80,112,2,1.80,9,0.5,0.5,2.05,0,,0.3,12.35,1,1
1,2017-06-30 23:24:59,2017-06-30 23:35:05,N,1,40,33,1,1.70,8.5,0.5,0.5,0,0,,0.3,9.8,2,1
1,2017-06-30 23:25:08,2017-07-01 00:04:16,N,1,255,62,1,5.10,25,0.5,0.5,5.25,0,,0.3,31.55,1,1
1,2017-06-30 23:24:28,2017-06-30 23:39:28,N,1,226,82,3,2.90,12.5,0.5,0.5,0,0,,0.3,13.8,2,1
1,2017-06-30 23:24:23,2017-06-30 23:28:36,N,1,82,160,1,1.10,5.5,0.5,0.5,0,0,,0.3,6.8,1,1
1,2017-06-30 23:25:19,2017-06-30 23:31:40,N,1,41,74,2,.80,6,0.5,0.5,0,0,,0.3,7.3,2,1
1,2017-06-30 23:24:38,2017-06-30 23:31:31,N,1,152,42,1,1.10,6.5,0.5,0.5,0,0,,0.3,7.8,2,1
1,2017-06-30 23:24:08,2017-06-30 23:43:05,N,1,255,49,1,3.80,15.5,0.5,0.5,3.35,0,,0.3,20.15,1,1
1,2017-06-30 23:23:55,2017-06-30 23:35:33,N,1,7,138,1,3.80,13,0.5,0.5,0,0,,0.3,14.3,2,1
1,2017-06-30 23:26:47,2017-06-30 23:31:55,N,1,74,75,2,1.10,6,0.5,0.5,0,0,,0.3,7.3,2,1
1,2017-06-30 23:23:42,2017-06-30 23:24:39,N,1,129,173,2,.20,3,0.5,0.5,0,0,,0.3,4.3,2,1
1,2017-06-30 23:23:42,2017-06-30 23:29:16,N,1,112,255,2,.80,5.5,0.5,0.5,1.02,0,,0.3,7.82,1,1
1,2017-06-30 23:23:34,2017-06-30 23:35:42,N,1,210,165,1,2.90,12,0.5,0.5,2.65,0,,0.3,15.95,1,1
1,2017-06-30 23:23:15,2017-06-30 23:39:34,N,1,82,258,1,3.70,15,0.5,0.5,0,0,,0.3,16.3,2,1
1,2017-06-30 23:24:19,2017-06-30 23:33:57,N,1,166,42,1,1.70,8.5,0.5,0.5,0,0,,0.3,9.8,2,1
1,2017-06-30 23:24:06,2017-06-30 23:26:07,N,1,49,49,1,.40,3.5,0.5,0.5,0,0,,0.3,4.8,2,1
1,2017-06-30 23:22:45,2017-06-30 23:33:21,N,1,255,49,1,2.20,10,0.5,0.5,2.25,0,,0.3,13.55,1,1
1,2017-06-30 23:22:42,2017-06-30 23:31:10,N,1,33,66,1,1.40,7.5,0.5,0.5,1,0,,0.3,9.8,1,1
1,2017-06-30 23:22:54,2017-06-30 23:37:36,N,1,129,129,1,2.40,11.5,0.5,0.5,0,0,,0.3,12.8,2,1
1,2017-06-30 23:22:42,2017-06-30 23:30:39,N,1,17,225,1,.90,7,0.5,0.5,0,0,,0.3,8.3,4,1
1,2017-06-30 23:22:12,2017-06-30 23:47:06,N,1,93,37,1,10.40,30.5,0.5,0.5,0,0,,0.3,31.8,1,1
1,2017-06-30 23:22:28,2017-06-30 23:28:46,N,1,129,129,1,.70,6,0.5,0.5,0,0,,0.3,7.3,2,1
1,2017-06-30 23:21:50,2017-06-30 23:40:23,N,1,146,170,1,3.40,15,0.5,0.5,3.25,0,,0.3,19.55,1,1
1,2017-06-30 23:21:48,2017-06-30 23:25:42,N,1,65,33,1,.40,4.5,0.5,0.5,0,0,,0.3,5.8,2,1
1,2017-06-30 23:21:48,2017-06-30 23:22:02,N,1,42,42,1,.10,2.5,0.5,0.5,0,0,,0.3,3.8,2,1
1,2017-06-30 23:21:41,2017-06-30 23:47:44,N,1,255,146,1,8.20,26.5,0.5,0.5,0,0,,0.3,27.8,2,1
1,2017-06-30 23:21:28,2017-06-30 23:48:59,N,1,247,174,1,4.60,20,0.5,0.5,0,0,,0.3,21.3,2,1
1,2017-06-30 23:21:36,2017-06-30 23:44:17,N,1,255,14,1,10.90,32,0.5,0.5,0,0,,0.3,33.3,2,1
1,2017-06-30 23:21:06,2017-06-30 23:36:11,N,1,33,140,3,7.40,22,0.5,0.5,5,0,,0.3,28.3,1,1
1,2017-06-30 23:20:54,2017-06-30 23:39:50,N,1,80,225,2,2.90,14,0.5,0.5,2,0,,0.3,17.3,1,1
1,2017-06-30 23:21:22,2017-06-30 23:26:04,N,1,223,7,1,1.10,5.5,0.5,0.5,1.35,0,,0.3,8.15,1,1
1,2017-06-30 23:20:42,2017-06-30 23:35:20,N,1,65,188,1,3.40,13.5,0.5,0.5,0,0,,0.3,14.8,1,1
1,2017-06-30 23:20:41,2017-06-30 23:29:09,N,1,166,74,1,1.90,8.5,0.5,0.5,0,0,,0.3,9.8,2,1
1,2017-06-30 23:20:36,2017-06-30 23:31:46,N,1,42,74,1,1.80,9.5,0.5,0.5,0,0,,0.3,10.8,2,1
1,2017-06-30 23:20:09,2017-06-30 23:26:24,N,1,40,33,3,1.40,6,0.5,0.5,0,0,,0.3,7.3,2,1
1,2017-06-30 23:20:05,2017-06-30 23:24:25,N,1,193,145,1,.90,5.5,0.5,0.5,0,0,,0.3,6.8,2,1
1,2017-06-30 23:20:29,2017-06-30 23:42:47,N,1,256,144,1,2.50,15,0.5,0.5,3.25,0,,0.3,19.55,1,1
1,2017-06-30 23:21:27,2017-06-30 23:28:58,N,1,33,40,1,1.80,7.5,0.5,0.5,1.75,0,,0.3,10.55,1,1
1,2017-06-30 23:19:49,2017-06-30 23:25:22,N,1,255,256,1,.80,5.5,0.5,0.5,1.35,0,,0.3,8.15,1,1
1,2017-06-30 23:19:49,2017-06-30 23:30:03,N,1,41,238,1,1.90,9.5,0.5,0.5,0,0,,0.3,10.8,4,1
1,2017-06-30 23:19:42,2017-06-30 23:27:25,N,1,61,37,3,1.40,7.5,0.5,0.5,0,0,,0.3,8.8,2,1
1,2017-06-30 23:19:49,2017-06-30 23:24:08,N,1,129,82,1,1.00,5.5,0.5,0.5,0,0,,0.3,6.8,2,1
1,2017-06-30 23:19:39,2017-06-30 23:48:15,N,1,255,181,1,5.90,23.5,0.5,0.5,3.72,0,,0.3,28.52,1,1
1,2017-06-30 23:19:42,2017-06-30 23:20:09,N,1,210,210,1,.00,2.5,0.5,0.5,4,0,,0.3,7.8,1,1
1,2017-06-30 23:19:18,2017-06-30 23:39:04,N,1,116,74,1,2.60,14,0.5,0.5,0,0,,0.3,15.3,2,1
1,2017-06-30 23:19:14,2017-06-30 23:22:59,N,1,106,181,1,.50,4.5,0.5,0.5,1.15,0,,0.3,6.95,1,1
1,2017-06-30 23:20:03,2017-06-30 23:22:13,N,1,17,49,1,.30,3.5,0.5,0.5,0,0,,0.3,4.8,4,1
1,2017-06-30 23:18:47,2017-06-30 23:22:32,N,1,97,49,1,.70,5,0.5,0.5,0,0,,0.3,6.3,2,1
1,2017-06-30 23:18:35,2017-06-30 23:31:14,N,1,225,97,2,2.40,10.5,0.5,0.5,0,0,,0.3,11.8,2,1
1,2017-06-30 23:18:54,2017-06-30 23:46:12,N,1,7,130,1,10.60,33,0.5,0.5,5,0,,0.3,39.3,1,1
1,2017-06-30 23:18:05,2017-07-01 00:01:46,N,1,33,132,1,12.90,42.5,0.5,0.5,0,0,,0.3,43.8,2,1
1,2017-06-30 23:17:24,2017-06-30 23:33:06,N,1,116,243,1,2.90,13,0.5,0.5,0,0,,0.3,14.3,2,1
1,2017-06-30 23:18:02,2017-06-30 23:31:34,N,1,93,130,1,6.00,19,0.5,0.5,0,0,,0.3,20.3,1,1
1,2017-06-30 23:17:28,2017-06-30 23:23:58,N,1,82,129,1,.90,6,0.5,0.5,0,0,,0.3,7.3,2,1
1,2017-06-30 23:17:24,2017-06-30 23:24:07,N,1,210,150,1,1.10,6.5,0.5,0.5,1.55,0,,0.3,9.35,1,1
1,2017-06-30 23:17:25,2017-06-30 23:30:57,N,1,40,188,1,2.60,11.5,0.5,0.5,2.55,0,,0.3,15.35,1,1
1,2017-06-30 23:17:23,2017-06-30 23:25:21,N,1,244,243,1,1.10,7,0.5,0.5,2.05,0,,0.3,10.35,1,1
1,2017-06-30 23:17:19,2017-06-30 23:35:11,N,1,66,188,1,4.60,16.5,0.5,0.5,3.55,0,,0.3,21.35,1,1
1,2017-06-30 23:17:19,2017-06-30 23:17:19,N,1,66,264,1,.00,2.5,0.5,0.5,0,0,,0.3,3.8,2,1
1,2017-06-30 23:17:18,2017-06-30 23:19:54,N,1,41,166,1,.60,4,0.5,0.5,1.05,0,,0.3,6.35,1,1
1,2017-06-30 23:17:13,2017-06-30 23:37:40,N,1,93,124,2,10.90,30.5,0.5,0.5,1.5,0,,0.3,33.3,1,1
1,2017-06-30 23:17:00,2017-06-30 23:27:21,N,1,181,49,1,1.90,9.5,0.5,0.5,2.16,0,,0.3,12.96,1,1
1,2017-06-30 23:16:59,2017-06-30 23:32:43,N,1,66,170,1,6.80,21.5,0.5,0.5,0,0,,0.3,22.8,2,1
1,2017-06-30 23:17:11,2017-06-30 23:34:20,N,1,33,61,1,3.00,14,0.5,0.5,2,0,,0.3,17.3,1,1
1,2017-06-30 23:16:59,2017-06-30 23:29:58,N,1,129,56,1,2.30,10.5,0.5,0.5,0,0,,0.3,11.8,4,1
1,2017-06-30 23:17:19,2017-06-30 23:30:09,N,1,146,7,1,2.30,10.5,0.5,0.5,0,0,,0.3,11.8,1,1
1,2017-06-30 23:16:36,2017-06-30 23:45:22,N,1,255,87,1,6.30,25,0.5,0.5,5.25,0,,0.3,31.55,1,1
1,2017-06-30 23:16:44,2017-06-30 23:29:37,N,1,97,225,1,2.80,11.5,0.5,0.5,0,0,,0.3,12.8,1,1
1,2017-06-30 23:16:39,2017-06-30 23:58:30,N,1,95,91,1,14.60,45,0.5,0.5,9.25,0,,0.3,55.55,1,1
1,2017-06-30 23:16:39,2017-06-30 23:23:24,N,1,74,75,2,1.50,7,0.5,0.5,0,0,,0.3,8.3,2,1
1,2017-06-30 23:16:34,2017-06-30 23:20:22,N,1,66,33,1,.50,4.5,0.5,0.5,1.15,0,,0.3,6.95,1,1
1,2017-06-30 23:18:06,2017-06-30 23:19:53,N,1,33,33,1,.40,3.5,0.5,0.5,0.95,0,,0.3,5.75,1,1
1,2017-06-30 23:16:11,2017-06-30 23:28:00,N,1,41,141,1,3.10,11.5,0.5,0.5,2.55,0,,0.3,15.35,1,1
1,2017-06-30 23:16:06,2017-06-30 23:24:33,N,1,181,61,2,1.90,8.5,0.5,0.5,0,0,,0.3,9.8,2,1
1,2017-06-30 23:15:58,2017-06-30 23:20:47,N,1,166,238,3,.90,5.5,0.5,0.5,0,0,,0.3,6.8,2,1
1,2017-06-30 23:15:36,2017-06-30 23:26:27,N,1,112,145,1,1.80,9.5,0.5,0.5,0,0,,0.3,10.8,2,1
1,2017-06-30 23:15:33,2017-06-30 23:24:23,N,1,210,165,1,2.10,9,0.5,0.5,3,0,,0.3,13.3,1,1
1,2017-06-30 23:16:15,2017-06-30 23:27:28,N,1,42,168,1,1.40,9,0.5,0.5,0,0,,0.3,10.3,2,1
1,2017-06-30 23:15:10,2017-06-30 23:18:44,N,1,92,171,1,.80,4.5,0.5,0.5,0,0,,0.3,5.8,2,1
1,2017-06-30 23:15:11,2017-06-30 23:22:46,N,1,7,193,2,1.10,7,0.5,0.5,0,0,,0.3,8.3,1,1
1,2017-06-30 23:15:07,2017-06-30 23:32:47,N,1,72,222,1,3.10,14.5,0.5,0.5,0.01,0,,0.3,15.81,1,1
1,2017-06-30 23:14:46,2017-06-30 23:24:34,N,1,129,260,1,2.10,9.5,0.5,0.5,0,0,,0.3,10.8,2,1
1,2017-06-30 23:14:47,2017-06-30 23:25:01,N,1,145,179,1,2.60,10,0.5,0.5,2.25,0,,0.3,13.55,1,1
1,2017-06-30 23:14:45,2017-06-30 23:33:17,N,1,33,224,1,5.50,18.5,0.5,0.5,3.95,0,,0.3,23.75,1,1
1,2017-06-30 23:14:31,2017-06-30 23:36:34,N,1,216,179,1,12.10,34.5,0.5,0.5,0,0,,0.3,35.8,1,1
1,2017-06-30 23:14:18,2017-06-30 23:14:50,N,1,166,166,1,.10,2.5,0.5,0.5,0,0,,0.3,3.8,2,1
1,2017-06-30 23:14:18,2017-06-30 23:21:27,N,1,41,75,2,1.70,7.5,0.5,0.5,0,0,,0.3,8.8,2,1
1,2017-06-30 23:14:13,2017-06-30 23:26:53,N,1,49,189,1,2.30,10.5,0.5,0.5,0,0,,0.3,11.8,2,1
1,2017-06-30 23:13:35,2017-06-30 23:18:45,N,1,173,82,1,.30,5,0.5,0.5,0,0,,0.3,6.3,3,1
1,2017-06-30 23:13:53,2017-06-30 23:28:44,N,1,42,168,1,1.40,10.5,0.5,0.5,0,0,,0.3,11.8,2,1
1,2017-06-30 23:13:50,2017-06-30 23:39:37,N,1,181,90,1,6.00,22,0.5,0.5,4.65,0,,0.3,27.95,1,1
1,2017-06-30 23:13:39,2017-06-30 23:20:54,N,1,41,42,1,1.60,7.5,0.5,0.5,1.75,0,,0.3,10.55,1,1
1,2017-06-30 23:13:34,2017-06-30 23:21:10,N,1,82,207,1,1.60,8,0.5,0.5,0,0,,0.3,9.3,2,1
1,2017-06-30 23:13:28,2017-06-30 23:30:11,N,1,97,133,1,4.40,15.5,0.5,0.5,3.35,0,,0.3,20.15,1,1
1,2017-06-30 23:16:23,2017-06-30 23:25:14,N,1,41,74,1,1.50,8,0.5,0.5,1,0,,0.3,10.3,1,1
1,2017-06-30 23:13:25,2017-06-30 23:25:30,N,1,189,225,1,2.90,11.5,0.5,0.5,2.55,0,,0.3,15.35,1,1
1,2017-06-30 23:13:22,2017-06-30 23:32:08,N,1,152,90,1,6.60,21.5,0.5,0.5,4.55,0,,0.3,27.35,1,1
1,2017-06-30 23:13:21,2017-06-30 23:21:21,N,1,126,167,1,1.10,7,0.5,0.5,0,0,,0.3,8.3,2,1
1,2017-06-30 23:13:17,2017-06-30 23:29:58,N,1,181,17,2,3.80,14.5,0.5,0.5,1.58,0,,0.3,17.38,1,1
1,2017-06-30 23:13:06,2017-06-30 23:20:20,N,1,41,74,1,.80,6,0.5,0.5,0,0,,0.3,7.3,2,1
1,2017-06-30 23:12:46,2017-06-30 23:25:58,N,1,106,227,1,2.80,12,0.5,0.5,3.3,0,,0.3,16.6,1,1
1,2017-06-30 23:12:48,2017-06-30 23:17:58,N,1,65,66,1,.80,5.5,0.5,0.5,2,0,,0.3,8.8,1,1
1,2017-06-30 23:12:42,2017-06-30 23:18:47,N,1,210,150,1,1.50,7,0.5,0.5,1.65,0,,0.3,9.95,1,1
1,2017-06-30 23:12:56,2017-06-30 23:24:43,N,1,85,22,1,2.50,10.5,0.5,0.5,1,0,,0.3,12.8,1,1
1,2017-06-30 23:12:32,2017-06-30 23:29:42,N,1,256,160,1,4.30,16,0.5,0.5,0,0,,0.3,17.3,2,1
1,2017-06-30 23:12:25,2017-06-30 23:26:19,N,1,255,87,1,5.20,17,0.5,0.5,2.75,0,,0.3,21.05,1,1
1,2017-06-30 23:11:57,2017-06-30 23:15:59,N,1,255,112,1,.70,4.5,0.5,0.5,0,0,,0.3,5.8,2,1
1,2017-06-30 23:11:52,2017-06-30 23:54:06,N,1,255,42,1,10.00,35.5,0.5,0.5,0,0,,0.3,36.8,2,1
1,2017-06-30 23:11:37,2017-06-30 23:24:54,N,1,75,244,1,4.60,15,0.5,0.5,0,0,,0.3,16.3,2,1
1,2017-06-30 23:12:02,2017-06-30 23:21:14,N,1,166,116,1,1.40,8.5,0.5,0.5,2.9,0,,0.3,12.7,1,1
1,2017-06-30 23:11:26,2017-06-30 23:19:11,N,1,179,202,1,2.10,8,0.5,0.5,2.3,0,,0.3,11.6,1,1
1,2017-06-30 23:11:03,2017-06-30 23:29:49,N,1,41,232,1,7.90,24,0.5,0.5,5.05,0,,0.3,30.35,1,1
1,2017-06-30 23:11:01,2017-06-30 23:19:40,N,1,42,152,1,1.70,8,0.5,0.5,0,0,,0.3,9.3,2,1
1,2017-06-30 23:11:01,2017-06-30 23:17:18,N,1,255,255,2,1.00,6,0.5,0.5,1.45,0,,0.3,8.75,1,1
1,2017-06-30 23:11:22,2017-06-30 23:23:17,N,1,49,25,1,2.50,11,0.5,0.5,2.45,0,,0.3,14.75,1,1
1,2017-06-30 23:10:54,2017-06-30 23:25:30,N,1,74,7,2,4.30,16,0.5,0.5,4.61,5.76,,0.3,27.67,1,1
1,2017-06-30 23:10:50,2017-06-30 23:25:58,N,1,97,228,1,3.10,13,0.5,0.5,0,0,,0.3,14.3,3,1
1,2017-06-30 23:10:40,2017-06-30 23:24:32,N,1,74,7,1,3.90,15,0.5,0.5,4.4,5.76,,0.3,26.46,1,1
1,2017-06-30 23:10:26,2017-06-30 23:32:34,N,1,129,173,1,3.30,15.5,0.5,0.5,0,0,,0.3,16.8,2,1
1,2017-06-30 23:10:20,2017-06-30 23:14:48,N,1,25,25,1,.60,5,0.5,0.5,1.25,0,,0.3,7.55,1,1
1,2017-06-30 23:11:17,2017-06-30 23:25:24,N,1,97,62,1,2.50,11,0.5,0.5,3.05,0,,0.3,15.35,1,1
1,2017-06-30 23:11:23,2017-06-30 23:52:02,N,1,93,55,1,24.80,66,0.5,0.5,0,0,,0.3,67.3,2,1
1,2017-06-30 23:10:11,2017-06-30 23:17:18,N,1,74,159,1,1.80,8,0.5,0.5,0,0,,0.3,9.3,2,1
1,2017-06-30 23:10:10,2017-06-30 23:19:45,N,1,74,41,3,1.40,8,0.5,0.5,0,0,,0.3,9.3,2,1
1,2017-06-30 23:10:01,2017-06-30 23:13:14,N,1,75,41,1,.90,4.5,0.5,0.5,1.2,0,,0.3,7,1,1
1,2017-06-30 23:10:22,2017-06-30 23:14:38,N,1,41,41,1,.50,5,0.5,0.5,0,0,,0.3,6.3,1,1
1,2017-06-30 23:09:31,2017-06-30 23:09:37,N,1,7,7,1,.80,2.5,0.5,0.5,0,0,,0.3,3.8,2,1
1,2017-06-30 23:09:19,2017-06-30 23:11:11,N,1,75,74,1,.70,4,0.5,0.5,0,0,,0.3,5.3,2,1
1,2017-06-30 23:09:15,2017-06-30 23:25:35,N,1,189,17,1,3.00,12.5,0.5,0.5,0,0,,0.3,13.8,1,1
1,2017-06-30 23:08:57,2017-06-30 23:20:11,N,1,74,263,1,2.40,10.5,0.5,0.5,0,0,,0.3,11.8,2,1
1,2017-06-30 23:08:56,2017-06-30 23:10:20,N,1,255,255,1,.10,3,0.5,0.5,0,0,,0.3,4.3,2,1
1,2017-06-30 23:08:14,2017-06-30 23:23:30,N,1,129,198,1,3.80,14,0.5,0.5,1,0,,0.3,16.3,1,1
1,2017-06-30 23:08:26,2017-06-30 23:27:13,N,1,25,72,1,4.60,16.5,0.5,0.5,0,0,,0.3,17.8,2,1
1,2017-06-30 23:08:16,2017-06-30 23:16:40,N,1,264,142,1,2.50,9,1,0.5,2.7,0,,0.3,13.5,1,1
1,2017-06-30 23:08:23,2017-06-30 23:35:50,N,1,36,85,1,5.80,21.5,0.5,0.5,4.55,0,,0.3,27.35,1,1
1,2017-06-30 23:08:25,2017-06-30 23:34:23,N,1,41,129,1,7.80,26,0.5,0.5,0,5.76,,0.3,33.06,2,1
1,2017-06-30 23:08:05,2017-06-30 23:31:39,N,1,65,29,1,14.40,39.5,0.5,0.5,8.15,0,,0.3,48.95,1,1
1,2017-06-30 23:08:06,2017-06-30 23:26:06,N,1,36,129,1,4.50,16.5,1,0.5,3.65,0,,0.3,21.95,1,1
1,2017-06-30 23:08:06,2017-06-30 23:25:53,N,1,33,89,1,3.60,15,0.5,0.5,0,0,,0.3,16.3,2,1
1,2017-06-30 23:08:01,2017-06-30 23:10:22,N,1,75,75,1,.60,4,0.5,0.5,0,0,,0.3,5.3,2,1
1,2017-06-30 23:07:54,2017-06-30 23:12:25,N,1,75,41,1,1.00,5.5,0.5,0.5,0,0,,0.3,6.8,2,1
1,2017-06-30 23:07:27,2017-06-30 23:29:35,N,1,226,263,1,4.30,17.5,0.5,0.5,5,0,,0.3,23.8,1,1
1,2017-06-30 23:08:27,2017-06-30 23:10:30,N,1,112,112,1,.40,3.5,0.5,0.5,0,0,,0.3,4.8,2,1
1,2017-06-30 23:07:25,2017-06-30 23:18:26,N,1,256,232,1,1.50,9.5,0.5,0.5,0,0,,0.3,10.8,2,1
1,2017-06-30 23:07:11,2017-06-30 23:21:16,N,1,25,257,1,3.60,13.5,0.5,0.5,3.7,0,,0.3,18.5,1,1
1,2017-06-30 23:06:52,2017-06-30 23:18:28,N,1,65,249,1,3.10,11.5,0.5,0.5,2.55,0,,0.3,15.35,1,1
1,2017-06-30 23:08:13,2017-06-30 23:17:08,N,1,181,33,1,2.40,9.5,0.5,0.5,2.15,0,,0.3,12.95,1,1
1,2017-06-30 23:06:33,2017-06-30 23:22:21,N,1,25,225,1,2.90,12.5,0.5,0.5,3.45,0,,0.3,17.25,1,1
1,2017-06-30 23:06:16,2017-06-30 23:22:15,N,1,74,69,1,2.90,13,0.5,0.5,0,0,,0.3,14.3,2,1
1,2017-06-30 23:05:40,2017-06-30 23:12:04,N,1,14,228,1,3.40,11.5,0.5,0.5,0,0,,0.3,12.8,2,1
1,2017-06-30 23:06:58,2017-06-30 23:23:28,N,1,260,260,1,3.30,13.5,0.5,0.5,3,0,,0.3,17.8,1,1
1,2017-06-30 23:05:58,2017-06-30 23:15:56,N,1,17,256,1,2.50,10,0.5,0.5,2.25,0,,0.3,13.55,1,1
1,2017-06-30 23:05:54,2017-06-30 23:11:34,N,1,25,33,1,1.00,6,0.5,0.5,2.15,0,,0.3,9.45,1,1
1,2017-06-30 23:06:21,2017-06-30 23:16:51,N,1,116,42,1,1.50,8.5,0.5,0.5,0,0,,0.3,9.8,2,1
1,2017-06-30 23:05:06,2017-06-30 23:10:50,N,1,129,129,1,.90,6,0.5,0.5,0,0,,0.3,7.3,2,1
1,2017-06-30 23:05:16,2017-06-30 23:17:46,N,1,82,56,1,1.90,10,0.5,0.5,0,0,,0.3,11.3,2,1
1,2017-06-30 23:04:59,2017-06-30 23:12:24,N,1,95,135,2,2.10,9,0.5,0.5,0,0,,0.3,10.3,1,1
1,2017-06-30 23:05:04,2017-06-30 23:22:57,N,1,181,89,1,4.10,15,0.5,0.5,4.05,0,,0.3,20.35,1,1
1,2017-06-30 23:04:47,2017-06-30 23:07:12,N,1,41,41,1,.50,4,0.5,0.5,0,0,,0.3,5.3,2,1
1,2017-06-30 23:04:45,2017-06-30 23:51:31,N,1,145,20,1,12.30,41,0.5,0.5,0,0,,0.3,42.3,1,1
1,2017-06-30 23:04:38,2017-06-30 23:16:27,N,1,35,61,3,1.80,9.5,0.5,0.5,0,0,,0.3,10.8,2,1
1,2017-06-30 23:04:16,2017-06-30 23:31:44,N,1,145,225,1,4.70,19.5,0.5,0.5,0,0,,0.3,20.8,2,1
1,2017-06-30 23:04:14,2017-06-30 23:38:44,N,1,255,68,1,6.80,27,0.5,0.5,0,0,,0.3,28.3,1,1
1,2017-06-30 23:04:12,2017-06-30 23:25:43,N,1,106,79,1,6.80,22,0.5,0.5,4.65,0,,0.3,27.95,1,1
1,2017-06-30 23:04:05,2017-06-30 23:19:27,N,1,82,80,1,5.20,17,0.5,0.5,0,0,,0.3,18.3,2,1
1,2017-06-30 23:04:02,2017-06-30 23:35:09,N,1,82,161,1,5.40,23,0.5,0.5,3,0,,0.3,27.3,1,1
1,2017-06-30 23:04:01,2017-06-30 23:07:09,N,1,255,255,1,.40,4,0.5,0.5,1.05,0,,0.3,6.35,1,1
1,2017-06-30 23:03:54,2017-06-30 23:16:47,N,1,75,69,1,3.60,13,0.5,0.5,0,0,,0.3,14.3,2,1
1,2017-06-30 23:03:55,2017-06-30 23:10:55,N,1,112,145,1,1.60,7.5,0.5,0.5,0,0,,0.3,8.8,2,1
1,2017-06-30 23:03:45,2017-06-30 23:14:02,N,1,49,65,1,1.80,8.5,0.5,0.5,0,0,,0.3,9.8,2,1
1,2017-06-30 23:03:12,2017-06-30 23:08:38,N,1,256,255,1,.80,5.5,0.5,0.5,1.35,0,,0.3,8.15,1,1
1,2017-06-30 23:03:13,2017-06-30 23:09:36,N,1,223,179,1,.80,6,0.5,0.5,1.46,0,,0.3,8.76,1,1
1,2017-06-30 23:02:55,2017-06-30 23:05:14,N,1,190,189,1,.50,4,0.5,0.5,0.4,0,,0.3,5.7,1,1
1,2017-06-30 23:03:13,2017-06-30 23:18:48,N,1,112,179,1,3.70,14,0.5,0.5,2.3,0,,0.3,17.6,1,1
1,2017-06-30 23:02:52,2017-06-30 23:06:13,N,1,112,112,1,.60,4.5,0.5,0.5,2,0,,0.3,7.8,1,1
1,2017-06-30 23:02:36,2017-06-30 23:22:41,N,1,25,79,1,3.90,16.5,0.5,0.5,3.55,0,,0.3,21.35,1,1
1,2017-06-30 23:02:23,2017-06-30 23:06:47,N,1,42,116,1,.60,5,0.5,0.5,0,0,,0.3,6.3,2,1
1,2017-06-30 23:02:26,2017-06-30 23:16:23,N,1,145,7,1,2.20,11,0.5,0.5,0,0,,0.3,12.3,2,1
1,2017-06-30 23:02:11,2017-06-30 23:10:18,N,1,166,116,1,2.00,8.5,0.5,0.5,2.9,0,,0.3,12.7,1,1
1,2017-06-30 23:02:09,2017-06-30 23:33:06,N,1,7,113,1,10.00,33,0.5,0.5,0,0,,0.3,34.3,2,1
1,2017-06-30 23:02:23,2017-06-30 23:07:12,N,1,129,7,1,1.30,6.5,0.5,0.5,0,0,,0.3,7.8,2,1
1,2017-06-30 23:02:00,2017-06-30 23:04:51,N,1,25,40,1,.90,4.5,0.5,0.5,1.5,0,,0.3,7.3,1,1
1,2017-06-30 23:01:53,2017-06-30 23:11:26,N,1,223,260,1,3.10,11.5,0.5,0.5,2.55,0,,0.3,15.35,1,1
1,2017-06-30 23:01:14,2017-06-30 23:04:41,N,1,75,74,1,.90,5,0.5,0.5,1,0,,0.3,7.3,1,1
1,2017-06-30 23:01:14,2017-06-30 23:35:30,N,1,97,36,1,6.00,24,0.5,0.5,5.05,0,,0.3,30.35,1,1
1,2017-06-30 23:01:04,2017-06-30 23:08:29,N,1,75,238,1,1.70,7.5,0.5,0.5,0,0,,0.3,8.8,2,1
1,2017-06-30 23:00:36,2017-06-30 23:17:38,N,1,7,16,1,10.70,30,0.5,0.5,0,0,,0.3,31.3,2,1
1,2017-06-30 23:00:38,2017-06-30 23:12:31,N,1,244,116,1,2.20,10.5,0.5,0.5,1,0,,0.3,12.8,1,1
1,2017-06-30 23:00:37,2017-06-30 23:16:54,N,1,66,158,1,4.00,15,0.5,0.5,2.5,0,,0.3,18.8,1,1
